,image_name,TL_Y,TL_X,BR_Y,BR_X
0,ISIC_0034485,54,62,398,517
1,ISIC_0034463,15,179,379,514
2,ISIC_0034361,41,83,409,545
3,ISIC_0034387,36,79,345,514
4,ISIC_0034438,0,0,450,561
5,ISIC_0034406,83,43,419,435
6,ISIC_0034501,150,226,265,388
7,ISIC_0034520,85,83,393,428
8,ISIC_0034325,115,104,307,475
9,ISIC_0034427,99,18,314,561
10,ISIC_0034419,106,1,450,461
11,ISIC_0034340,24,71,430,514
12,ISIC_0034398,80,67,432,547
13,ISIC_0034442,156,205,449,505
14,ISIC_0034433,80,144,375,482
15,ISIC_0034331,11,0,447,600
16,ISIC_0034468,170,93,337,596
17,ISIC_0034456,138,139,326,432
18,ISIC_0034354,29,36,447,514
19,ISIC_0034393,131,142,328,477
20,ISIC_0034375,106,102,321,456
21,ISIC_0034477,171,196,300,411
22,ISIC_0034449,120,158,335,409
23,ISIC_0034491,161,203,291,383
24,ISIC_0034515,15,79,402,517
25,ISIC_0034412,0,8,356,596
26,ISIC_0034495,59,0,416,552
27,ISIC_0034397,164,57,400,500
28,ISIC_0034371,52,130,402,444
29,ISIC_0034416,0,0,450,600
30,ISIC_0034428,17,97,340,547
31,ISIC_0034511,185,282,296,428
32,ISIC_0034335,99,67,358,512
33,ISIC_0034409,0,0,450,600
34,ISIC_0034437,163,214,301,339
35,ISIC_0034350,87,43,388,482
36,ISIC_0034452,168,189,275,369
37,ISIC_0034423,0,0,430,543
38,ISIC_0034321,161,200,298,346
39,ISIC_0034446,0,0,442,600
40,ISIC_0034478,82,81,386,463
41,ISIC_0034344,50,20,450,432
42,ISIC_0034365,0,25,450,600
43,ISIC_0034383,8,88,447,456
44,ISIC_0034481,85,0,450,600
45,ISIC_0034459,31,46,450,533
46,ISIC_0034467,124,203,300,423
47,ISIC_0034505,69,88,370,538
48,ISIC_0034402,41,0,398,600
49,ISIC_0034399,71,0,291,388
50,ISIC_0034341,219,245,277,339
51,ISIC_0034443,157,156,319,402
52,ISIC_0034324,156,0,428,484
53,ISIC_0034521,55,0,372,540
54,ISIC_0034426,0,107,450,600
55,ISIC_0034418,38,0,331,582
56,ISIC_0034439,64,62,395,600
57,ISIC_0034407,112,139,367,545
58,ISIC_0034500,31,25,423,600
59,ISIC_0034484,62,43,359,526
60,ISIC_0034386,96,168,291,444
61,ISIC_0034360,59,0,450,507
62,ISIC_0034514,62,142,217,350
63,ISIC_0034413,0,0,450,600
64,ISIC_0034374,18,132,419,395
65,ISIC_0034392,113,132,298,432
66,ISIC_0034490,83,27,352,500
67,ISIC_0034476,131,186,317,456
68,ISIC_0034448,13,83,417,454
69,ISIC_0034469,89,146,344,400
70,ISIC_0034457,120,132,388,416
71,ISIC_0034355,150,210,347,493
72,ISIC_0034330,80,252,375,512
73,ISIC_0034351,73,74,423,498
74,ISIC_0034389,91,116,359,571
75,ISIC_0034453,150,175,254,376
76,ISIC_0034334,0,0,450,600
77,ISIC_0034408,119,109,331,519
78,ISIC_0034436,0,109,440,600
79,ISIC_0034417,127,151,365,402
80,ISIC_0034429,40,191,388,475
81,ISIC_0034510,187,226,316,437
82,ISIC_0034494,15,1,447,540
83,ISIC_0034472,142,189,407,529
84,ISIC_0034370,134,175,338,395
85,ISIC_0034396,103,146,314,500
86,ISIC_0034504,36,76,419,479
87,ISIC_0034403,11,57,421,446
88,ISIC_0034382,31,0,409,600
89,ISIC_0034364,83,74,395,425
90,ISIC_0034458,47,0,450,600
91,ISIC_0034466,43,90,400,456
92,ISIC_0034480,11,0,450,589
93,ISIC_0034447,75,0,377,458
94,ISIC_0034345,31,0,450,600
95,ISIC_0034422,0,0,450,599
96,ISIC_0034410,92,67,382,536
97,ISIC_0034517,182,43,409,400
98,ISIC_0034493,92,83,293,432
99,ISIC_0034475,80,128,423,582
100,ISIC_0034349,87,67,435,362
101,ISIC_0034377,168,158,391,465
102,ISIC_0034391,0,163,430,470
103,ISIC_0034356,105,4,307,311
104,ISIC_0034368,127,217,316,379
105,ISIC_0034454,154,62,363,395
106,ISIC_0034333,138,198,310,423
107,ISIC_0034508,99,46,423,498
108,ISIC_0034431,82,151,301,360
109,ISIC_0034440,105,116,316,451
110,ISIC_0034498,62,231,282,381
111,ISIC_0034342,106,41,450,526
112,ISIC_0034425,64,139,428,491
113,ISIC_0034522,124,203,391,498
114,ISIC_0034503,11,210,305,393
115,ISIC_0034338,13,0,449,531
116,ISIC_0034404,120,93,345,529
117,ISIC_0034385,159,236,335,371
118,ISIC_0034363,117,182,347,500
119,ISIC_0034461,92,186,358,531
120,ISIC_0034487,59,116,354,458
121,ISIC_0034400,154,39,368,327
122,ISIC_0034507,54,205,259,386
123,ISIC_0034465,76,81,323,416
124,ISIC_0034483,0,102,312,489
125,ISIC_0034381,55,0,409,580
126,ISIC_0034367,24,15,300,564
127,ISIC_0034359,3,130,250,381
128,ISIC_0034378,126,79,361,491
129,ISIC_0034346,45,0,409,521
130,ISIC_0034444,31,107,233,343
131,ISIC_0034518,73,74,396,388
132,ISIC_0034323,0,0,450,550
133,ISIC_0034421,0,0,450,600
134,ISIC_0034488,85,175,379,439
135,ISIC_0034450,166,205,300,357
136,ISIC_0034352,124,144,349,432
137,ISIC_0034435,48,67,389,517
138,ISIC_0034337,8,74,450,531
139,ISIC_0034328,145,13,400,547
140,ISIC_0034513,136,88,377,571
141,ISIC_0034414,0,60,432,600
142,ISIC_0034395,235,254,296,402
143,ISIC_0034497,133,193,308,376
144,ISIC_0034471,94,88,365,568
145,ISIC_0034509,96,0,391,582
146,ISIC_0034332,55,0,419,573
147,ISIC_0034430,164,151,367,362
148,ISIC_0034357,87,130,354,393
149,ISIC_0034369,1,62,403,435
150,ISIC_0034455,126,168,337,437
151,ISIC_0034474,52,64,407,566
152,ISIC_0034492,59,0,430,600
153,ISIC_0034390,50,36,395,600
154,ISIC_0034348,71,22,324,600
155,ISIC_0034376,4,0,447,587
156,ISIC_0034411,75,0,368,600
157,ISIC_0034516,159,41,400,458
158,ISIC_0034362,91,93,384,519
159,ISIC_0034486,133,189,330,395
160,ISIC_0034460,34,0,450,600
161,ISIC_0034339,0,0,433,600
162,ISIC_0034502,22,118,417,554
163,ISIC_0034405,0,22,437,600
164,ISIC_0034424,120,15,359,482
165,ISIC_0034326,91,55,291,470
166,ISIC_0034523,62,20,417,578
167,ISIC_0034499,96,179,381,435
168,ISIC_0034441,62,146,272,369
169,ISIC_0034343,68,46,377,536
170,ISIC_0034322,3,0,358,536
171,ISIC_0034519,119,34,359,578
172,ISIC_0034420,83,0,372,376
173,ISIC_0034379,55,97,368,510
174,ISIC_0034347,1,0,447,600
175,ISIC_0034445,0,74,449,587
176,ISIC_0034482,73,107,359,519
177,ISIC_0034464,105,74,365,482
178,ISIC_0034366,22,0,428,552
179,ISIC_0034380,47,25,419,554
180,ISIC_0034401,18,81,405,512
181,ISIC_0034506,76,36,425,536
182,ISIC_0034394,55,22,389,582
183,ISIC_0034372,92,175,305,472
184,ISIC_0034470,131,109,326,561
185,ISIC_0034496,133,156,337,430
186,ISIC_0034512,134,18,303,231
187,ISIC_0034329,29,62,417,533
188,ISIC_0034415,82,39,391,526
189,ISIC_0034434,122,0,340,589
190,ISIC_0034336,0,0,450,461
191,ISIC_0034451,0,0,450,600
192,ISIC_0034489,0,0,428,600
